 3       -4.621424         
 3.25	 -5.804482    
 3.5	 -6.70809     
 3.75	 -7.398549    
 4	 -7.922563    
 4.25	 -8.316091    
 4.5	 -8.606262    
 4.75	 -8.813852    
 5	 -8.954821    
 5.25	 -9.042461    
 5.5	 -9.08705     
 5.75	 -9.0977	     
 6	 -9.07705     
 6.25	 -9.03505     
 6.5	 -8.9743	     
 6.75	 -8.8984	     
 7	 -8.8103	     
 7.25	 -8.7122     
 7.5	 -8.60665     
 7.75	 -8.4949	     
 8	 -8.3785	     
 8.25	 -8.2585	     
 8.5	 -8.1362	     
 8.75	 -8.0118	     
 9	 -7.88685     
 9.25	 -7.7615	     
 9.5	 -7.63665     
 9.75	 -7.51265     
 10	 -7.3898      

